Official GTSRB test accuracy: 80.32%
Test images: 12630

              precision    recall  f1-score   support

     class_0     0.8214    0.3833    0.5227        60
     class_1     0.6726    0.8986    0.7693       720
     class_2     0.9130    0.7280    0.8101       750
     class_3     0.9612    0.2756    0.4283       450
     class_4     0.7150    0.9197    0.8045       660
     class_5     0.6671    0.7603    0.7107       630
     class_6     0.9904    0.6867    0.8110       150
     class_7     0.9256    0.8022    0.8595       450
     class_8     0.8719    0.7111    0.7834       450
     class_9     0.8588    0.9500    0.9021       480
    class_10     0.8975    0.9818    0.9378       660
    class_11     0.6469    0.9857    0.7811       420
    class_12     0.9753    0.9725    0.9739       690
    class_13     0.9726    0.9861    0.9793       720
    class_14     0.9926    0.9963    0.9945       270
    class_15     0.9948    0.9095    0.9502       210
    class_16     0.8776    0.8600    0.8687       150
    class_17     0.9634    0.9500    0.9566       360
    class_18     0.8979    0.7667    0.8271       390
    class_19     0.4000    0.3333    0.3636        60
    class_20     0.5172    0.6667    0.5825        90
    class_21     0.9672    0.6556    0.7815        90
    class_22     0.9412    0.8000    0.8649       120
    class_23     0.8333    0.6333    0.7197       150
    class_24     0.9103    0.7889    0.8452        90
    class_25     0.8493    0.7396    0.7906       480
    class_26     0.6269    0.9333    0.7500       180
    class_27     0.7586    0.3667    0.4944        60
    class_28     0.6104    0.6267    0.6184       150
    class_29     0.8675    0.8000    0.8324        90
    class_30     0.8421    0.6400    0.7273       150
    class_31     0.8969    0.7407    0.8114       270
    class_32     0.9524    1.0000    0.9756        60
    class_33     0.6438    0.2238    0.3322       210
    class_34     0.3094    0.4667    0.3721       120
    class_35     0.9538    0.8462    0.8967       390
    class_36     0.3229    0.6000    0.4198       120
    class_37     0.0000    0.0000    0.0000        60
    class_38     0.8133    0.9406    0.8723       690
    class_39     0.5909    0.4333    0.5000        90
    class_40     0.5724    0.9222    0.7064        90
    class_41     0.4524    0.3167    0.3725        60
    class_42     0.6143    0.4778    0.5375        90

    accuracy                         0.8032     12630
   macro avg     0.7642    0.7087    0.7172     12630
weighted avg     0.8255    0.8032    0.7976     12630
