Official GTSRB test accuracy: 91.08%
Test images: 12630

              precision    recall  f1-score   support

     class_0     0.9211    0.5833    0.7143        60
     class_1     0.8958    0.9431    0.9188       720
     class_2     0.9012    0.9360    0.9182       750
     class_3     1.0000    0.7356    0.8476       450
     class_4     0.9362    0.9788    0.9570       660
     class_5     0.8405    0.9032    0.8707       630
     class_6     1.0000    0.8133    0.8971       150
     class_7     0.9835    0.9244    0.9530       450
     class_8     0.9461    0.9356    0.9408       450
     class_9     0.9160    1.0000    0.9562       480
    class_10     0.9909    0.9879    0.9894       660
    class_11     0.8870    0.9905    0.9359       420
    class_12     0.9971    0.9957    0.9964       690
    class_13     0.9917    0.9931    0.9924       720
    class_14     0.9963    1.0000    0.9982       270
    class_15     1.0000    0.9905    0.9952       210
    class_16     0.9792    0.9400    0.9592       150
    class_17     0.9945    0.9972    0.9958       360
    class_18     0.9689    0.8795    0.9220       390
    class_19     0.6000    0.4500    0.5143        60
    class_20     0.5785    0.7778    0.6635        90
    class_21     1.0000    0.9111    0.9535        90
    class_22     0.9898    0.8083    0.8899       120
    class_23     0.8913    0.8200    0.8542       150
    class_24     0.7727    0.9444    0.8500        90
    class_25     0.8976    0.9313    0.9141       480
    class_26     0.8065    0.9722    0.8816       180
    class_27     0.8684    0.5500    0.6735        60
    class_28     0.8608    0.9067    0.8831       150
    class_29     0.9545    0.9333    0.9438        90
    class_30     0.9398    0.8333    0.8834       150
    class_31     0.9190    0.8407    0.8781       270
    class_32     0.9831    0.9667    0.9748        60
    class_33     0.9333    0.5333    0.6788       210
    class_34     0.5000    0.9333    0.6512       120
    class_35     0.9971    0.8949    0.9432       390
    class_36     0.4150    0.5083    0.4569       120
    class_37     0.0746    0.0833    0.0787        60
    class_38     0.9021    0.9884    0.9433       690
    class_39     0.9750    0.4333    0.6000        90
    class_40     0.8485    0.9333    0.8889        90
    class_41     0.6500    0.4333    0.5200        60
    class_42     0.7742    0.8000    0.7869        90

    accuracy                         0.9108     12630
   macro avg     0.8669    0.8306    0.8387     12630
weighted avg     0.9190    0.9108    0.9101     12630
